0 0.50 0.00 0.53 0.00 0.00 0.04 0.00 0.00 98.93
1 0.61 0.00 1.28 0.00 0.00 0.12 0.00 0.00 97.99
2 0.36 0.00 0.32 0.00 0.00 0.03 0.00 0.00 99.28
3 0.28 0.00 0.36 0.00 0.00 0.02 0.00 0.00 99.34
4 0.33 0.00 0.29 0.00 0.00 0.04 0.00 0.00 99.34
5 0.18 0.00 0.14 0.01 0.00 0.02 0.00 0.00 99.65
6 0.36 0.00 0.33 0.00 0.00 0.03 0.00 0.00 99.27
7 0.53 0.00 0.53 0.00 0.00 0.03 0.00 0.00 98.90
8 0.31 0.00 0.19 0.00 0.00 0.05 0.00 0.00 99.45
9 0.22 0.00 0.20 0.00 0.00 0.03 0.00 0.00 99.54
10 0.36 0.00 0.40 0.00 0.00 0.06 0.00 0.00 99.18
11 27.98 0.00 4.87 0.00 0.00 0.03 0.00 0.00 67.12
12 24.47 0.00 4.37 0.00 0.00 0.09 0.00 0.00 71.08
13 25.35 0.00 4.79 0.00 0.00 0.03 0.00 0.00 69.82
14 24.94 0.00 4.30 0.00 0.00 0.12 0.00 0.00 70.64
15 21.41 0.00 4.82 0.00 0.00 0.04 0.00 0.00 73.73
16 25.21 0.00 4.70 0.00 0.00 0.11 0.00 0.00 69.99
17 25.31 0.00 4.85 0.00 0.00 0.09 0.00 0.00 69.76
18 25.59 0.00 5.06 0.00 0.00 0.05 0.00 0.00 69.30
19 29.18 0.00 4.26 0.00 0.00 0.11 0.00 0.00 66.45
20 32.26 0.00 3.97 0.01 0.00 0.04 0.00 0.00 63.71
21 30.36 0.00 5.14 0.00 0.00 0.06 0.00 0.00 64.44
22 31.46 0.00 4.88 0.00 0.00 0.03 0.00 0.00 63.62
23 27.73 0.00 4.83 0.00 0.00 0.04 0.00 0.00 67.40
24 36.54 0.00 5.03 0.00 0.00 0.04 0.00 0.00 58.38
25 32.00 0.00 3.68 0.00 0.00 0.03 0.00 0.00 64.29
26 29.66 0.00 4.05 0.01 0.00 0.02 0.00 0.00 66.25
27 27.38 0.00 6.77 0.10 0.00 0.11 0.00 0.00 65.65
28 30.16 0.00 4.53 0.00 0.00 0.05 0.00 0.00 65.25
29 30.32 0.00 8.04 0.00 0.00 0.09 0.00 0.00 61.55
30 28.87 0.00 3.89 0.00 0.00 0.04 0.00 0.00 67.20
31 29.52 0.00 4.66 0.00 0.00 0.05 0.00 0.00 65.77
32 26.61 0.00 5.77 0.00 0.00 0.04 0.00 0.00 67.58
33 0.30 0.00 1.78 0.01 0.00 0.05 0.00 0.00 97.85
34 0.53 0.00 0.57 0.00 0.00 0.05 0.00 0.00 98.85
35 0.25 0.00 0.27 0.00 0.00 0.03 0.00 0.00 99.45
36 0.32 0.00 0.16 0.00 0.00 0.04 0.00 0.00 99.48
