0 0.61 0.00 0.61 0.00 0.00 0.04 0.00 0.00 98.74
1 0.54 0.00 0.83 0.00 0.00 0.06 0.00 0.00 98.56
2 0.44 0.00 0.44 0.00 0.00 0.05 0.00 0.00 99.07
3 0.31 0.00 0.27 0.00 0.00 0.03 0.00 0.00 99.39
4 0.50 0.00 0.48 0.00 0.00 0.05 0.00 0.00 98.96
5 0.36 0.00 0.30 0.00 0.00 0.01 0.00 0.00 99.33
6 0.59 0.00 0.62 0.00 0.00 0.03 0.00 0.00 98.76
7 0.35 0.00 0.45 0.00 0.00 0.02 0.00 0.00 99.18
8 0.43 0.00 0.54 0.00 0.00 0.05 0.00 0.00 98.97
9 0.91 0.00 1.38 0.00 0.00 0.11 0.00 0.00 97.61
10 0.59 0.00 0.35 0.00 0.00 0.02 0.00 0.00 99.04
11 0.36 0.00 0.41 0.00 0.00 0.02 0.00 0.00 99.21
12 9.74 0.00 2.51 0.00 0.00 0.00 0.00 0.00 87.75
13 23.95 0.00 4.69 0.00 0.00 0.06 0.00 0.00 71.29
14 27.49 0.00 4.83 0.00 0.00 0.03 0.00 0.00 67.65
15 27.57 0.00 4.76 0.00 0.00 0.03 0.00 0.00 67.63
16 26.67 0.00 3.96 0.00 0.00 0.04 0.00 0.00 69.33
17 28.47 0.00 4.50 0.00 0.00 0.11 0.00 0.00 66.93
18 28.51 0.00 5.39 0.00 0.00 0.14 0.00 0.00 65.97
19 26.35 0.00 5.48 0.00 0.00 0.15 0.00 0.00 68.02
20 26.82 0.00 5.54 0.00 0.00 0.03 0.00 0.00 67.61
21 31.41 0.00 5.59 0.00 0.00 0.04 0.00 0.00 62.96
22 25.68 0.00 4.70 0.00 0.00 0.04 0.00 0.00 69.57
23 28.38 0.00 4.71 0.00 0.00 0.05 0.00 0.00 66.85
24 25.29 0.00 4.80 0.00 0.00 0.03 0.00 0.00 69.88
25 35.74 0.00 4.42 0.00 0.00 0.03 0.00 0.00 59.81
26 34.74 0.00 3.99 0.02 0.00 0.01 0.00 0.00 61.23
27 31.28 0.00 5.18 0.03 0.00 0.03 0.00 0.00 63.47
28 30.77 0.00 4.16 0.00 0.00 0.02 0.00 0.00 65.05
29 32.52 0.00 4.31 0.01 0.00 0.04 0.00 0.00 63.12
30 32.58 0.00 9.21 0.18 0.00 0.06 0.00 0.00 57.97
31 30.04 0.00 5.82 0.11 0.00 0.06 0.00 0.00 63.97
32 25.37 0.00 5.05 0.00 0.00 0.06 0.00 0.00 69.52
33 22.63 0.00 5.09 0.00 0.00 0.07 0.00 0.00 72.21
34 10.30 0.00 3.23 0.00 0.00 0.04 0.00 0.00 86.42
