0 0.22 0.00 0.15 0.00 0.00 0.03 0.00 0.00 99.59
1 0.57 0.00 0.81 0.00 0.00 0.09 0.00 0.00 98.53
2 0.20 0.00 0.13 0.00 0.00 0.02 0.00 0.00 99.65
3 0.10 0.00 0.14 0.00 0.00 0.02 0.00 0.00 99.74
4 0.40 0.00 0.47 0.00 0.00 0.03 0.00 0.00 99.10
5 0.42 0.00 0.20 0.00 0.00 0.05 0.00 0.00 99.33
6 0.54 0.00 0.33 0.00 0.00 0.05 0.00 0.00 99.07
7 0.14 0.00 0.11 0.00 0.00 0.04 0.00 0.00 99.71
8 0.46 0.00 0.93 0.00 0.00 0.06 0.00 0.00 98.54
9 0.39 0.00 0.45 0.00 0.00 0.03 0.00 0.00 99.13
10 0.49 0.00 0.32 0.00 0.00 0.06 0.00 0.00 99.13
11 4.83 0.00 1.84 0.00 0.00 0.06 0.00 0.00 93.26
12 27.01 0.00 4.52 0.00 0.00 0.07 0.00 0.00 68.39
13 27.10 0.00 5.05 0.01 0.00 0.07 0.00 0.00 67.77
14 28.59 0.00 4.53 0.00 0.00 0.06 0.00 0.00 66.81
15 28.62 0.00 4.07 0.00 0.00 0.04 0.00 0.00 67.26
16 28.60 0.00 4.78 0.00 0.00 0.07 0.00 0.00 66.55
17 26.75 0.00 5.03 0.00 0.00 0.13 0.00 0.00 68.09
18 22.10 0.00 4.96 0.00 0.00 0.10 0.00 0.00 72.85
19 24.03 0.00 5.04 0.00 0.00 0.04 0.00 0.00 70.88
20 29.08 0.00 5.06 0.02 0.00 0.02 0.00 0.00 65.82
21 23.72 0.00 4.38 0.00 0.00 0.05 0.00 0.00 71.84
22 30.48 0.00 4.77 0.00 0.00 0.03 0.00 0.00 64.71
23 25.29 0.00 4.62 0.00 0.00 0.04 0.00 0.00 70.05
24 32.24 0.00 4.30 0.00 0.00 0.03 0.00 0.00 63.43
25 38.42 0.00 3.22 0.00 0.00 0.03 0.00 0.00 58.33
26 33.37 0.00 3.80 0.00 0.00 0.03 0.00 0.00 62.79
27 32.98 0.00 3.90 0.00 0.00 0.04 0.00 0.00 63.08
28 32.76 0.00 4.17 0.01 0.00 0.04 0.00 0.00 63.02
29 32.75 0.00 6.06 0.02 0.00 0.04 0.00 0.00 61.13
30 29.26 0.00 4.12 0.00 0.00 0.03 0.00 0.00 66.60
31 26.21 0.00 5.03 0.00 0.00 0.06 0.00 0.00 68.70
32 22.98 0.00 4.53 0.00 0.00 0.04 0.00 0.00 72.45
33 8.47 0.00 2.70 0.00 0.00 0.04 0.00 0.00 88.78
34 0.31 0.00 0.25 0.00 0.00 0.05 0.00 0.00 99.39
35 0.43 0.00 0.49 0.00 0.00 0.10 0.00 0.00 98.98
