0 0.36 0.00 0.33 0.00 0.00 0.04 0.00 0.00 99.26
1 0.33 0.00 0.35 0.00 0.00 0.03 0.00 0.00 99.28
2 0.50 0.00 0.51 0.00 0.00 0.06 0.00 0.00 98.92
3 0.99 0.00 0.71 0.00 0.00 0.11 0.00 0.00 98.19
4 4.58 0.00 0.72 0.00 0.00 0.24 0.00 0.00 94.46
5 3.65 0.00 0.88 0.00 0.00 0.06 0.00 0.00 95.41
6 3.89 0.00 0.82 0.00 0.00 0.11 0.00 0.00 95.19
7 4.23 0.00 0.75 0.00 0.00 0.14 0.00 0.00 94.88
8 1.60 0.00 1.11 0.01 0.00 0.10 0.00 0.00 97.18
9 3.76 0.00 1.25 0.00 0.00 0.13 0.00 0.00 94.86
10 5.48 0.00 0.67 0.00 0.00 0.03 0.00 0.00 93.82
11 4.73 0.00 0.64 0.00 0.00 0.27 0.00 0.00 94.36
12 3.80 0.00 0.43 0.00 0.00 0.19 0.00 0.00 95.58
13 5.78 0.00 1.44 0.02 0.00 0.18 0.00 0.00 92.57
14 4.12 0.00 0.71 0.00 0.00 0.16 0.00 0.00 95.01
15 4.51 0.00 0.70 0.00 0.00 0.17 0.00 0.00 94.61
16 4.30 0.00 1.16 0.03 0.00 0.17 0.00 0.00 94.33
17 5.12 0.00 0.86 0.00 0.00 0.20 0.00 0.00 93.82
18 1.57 0.00 0.66 0.00 0.00 0.18 0.00 0.00 97.58
19 1.71 0.00 0.84 0.00 0.00 0.19 0.00 0.00 97.25
20 1.01 0.00 0.91 0.00 0.00 0.19 0.00 0.00 97.89
21 0.99 0.00 0.42 0.00 0.00 0.04 0.00 0.00 98.55
22 0.98 0.00 0.77 0.00 0.00 0.07 0.00 0.00 98.17
23 0.99 0.00 0.87 0.00 0.00 0.10 0.00 0.00 98.04
24 1.75 0.00 0.63 0.00 0.00 0.05 0.00 0.00 97.56
25 1.85 0.00 0.47 0.00 0.00 0.10 0.00 0.00 97.59
26 1.91 0.00 0.61 0.00 0.00 0.12 0.00 0.00 97.37
27 2.43 0.00 0.43 0.00 0.00 0.15 0.00 0.00 96.99
28 2.07 0.00 0.57 0.00 0.00 0.14 0.00 0.00 97.22
29 1.35 0.00 0.50 0.00 0.00 0.11 0.00 0.00 98.04
30 2.08 0.00 1.27 0.00 0.00 0.15 0.00 0.00 96.50
31 2.68 0.00 0.60 0.00 0.00 0.14 0.00 0.00 96.59
32 1.24 0.00 0.72 0.00 0.00 0.06 0.00 0.00 97.98
33 2.14 0.00 0.67 0.02 0.00 0.13 0.00 0.00 97.04
