0 0.23 0.00 0.32 0.00 0.00 0.03 0.00 0.00 99.41
1 1.01 0.00 2.03 0.00 0.00 0.16 0.00 0.00 96.80
2 0.48 0.00 0.33 0.00 0.00 0.03 0.00 0.00 99.16
3 0.48 0.00 0.48 0.00 0.00 0.03 0.00 0.00 99.01
4 0.30 0.00 0.27 0.00 0.00 0.02 0.00 0.00 99.41
5 0.40 0.00 0.46 0.00 0.00 0.02 0.00 0.00 99.12
6 0.26 0.00 0.32 0.00 0.00 0.03 0.00 0.00 99.39
7 0.67 0.00 0.71 0.00 0.00 0.03 0.00 0.00 98.59
8 0.47 0.00 0.37 0.00 0.00 0.03 0.00 0.00 99.12
9 0.29 0.00 0.28 0.00 0.00 0.02 0.00 0.00 99.41
10 0.50 0.00 0.51 0.00 0.00 0.03 0.00 0.00 98.95
11 1.15 0.00 1.51 0.00 0.00 0.09 0.00 0.00 97.25
12 29.56 0.00 4.31 0.01 0.00 0.07 0.00 0.00 66.05
13 28.08 0.00 5.01 0.00 0.00 0.06 0.00 0.00 66.84
14 24.48 0.00 5.49 0.02 0.00 0.03 0.00 0.00 69.98
15 24.34 0.00 4.66 0.00 0.00 0.04 0.00 0.00 70.96
16 22.49 0.00 4.70 0.00 0.00 0.06 0.00 0.00 72.75
17 23.81 0.00 4.93 0.00 0.00 0.13 0.00 0.00 71.12
18 23.84 0.00 5.35 0.00 0.00 0.09 0.00 0.00 70.73
19 26.30 0.00 5.67 0.00 0.00 0.09 0.00 0.00 67.94
20 28.98 0.00 4.17 0.00 0.00 0.11 0.00 0.00 66.74
21 32.37 0.00 5.27 0.00 0.00 0.06 0.00 0.00 62.30
22 30.31 0.00 5.51 0.01 0.00 0.01 0.00 0.00 64.16
23 30.79 0.00 4.80 0.00 0.00 0.04 0.00 0.00 64.37
24 27.21 0.00 4.89 0.00 0.00 0.06 0.00 0.00 67.83
25 35.60 0.00 4.50 0.00 0.00 0.02 0.00 0.00 59.87
26 30.30 0.00 4.09 0.00 0.00 0.04 0.00 0.00 65.56
27 31.30 0.00 5.59 0.01 0.00 0.05 0.00 0.00 63.05
28 24.59 0.00 4.65 0.00 0.00 0.06 0.00 0.00 70.70
29 29.62 0.00 4.55 0.00 0.00 0.05 0.00 0.00 65.79
30 27.52 0.00 5.05 0.00 0.00 0.06 0.00 0.00 67.36
31 27.95 0.00 4.76 0.00 0.00 0.04 0.00 0.00 67.25
32 28.57 0.00 4.75 0.00 0.00 0.03 0.00 0.00 66.65
33 28.57 0.00 9.20 0.04 0.00 0.02 0.00 0.00 62.16
34 0.67 0.00 1.77 0.00 0.00 0.11 0.00 0.00 97.45
